+-------+-------+-------+-------+
| path  | cams  | rows  | cols  |
+-------+-------+-------+-------+
| S1P01 |  40   |  10   |   4   |
+-------+-------+-------+-------+
| R1P15 |  36   |   3   |  12   |
| R1P16 |  30   |   3   |  10   |
| R1P18 |  27   |   3   |   9   |
| R1P19 |   3   |   1   |   3   |
| R1P20 |   9   |   3   |   3   |
+-------+-------+-------+-------+
| E1P01 |  18   |   3   |   6   |
| E1P02 |  12   |   2   |   6   |
| E1P03 |  10   |   2   |   5   |
| E1P04 |  21   |   3   |   7   |
| E1P06 |  18   |   3   |   6   |
+-------+-------+-------+-------+
| L1P01 |  36   |   3   |  12   |
| L1P02 |  24   |   3   |   8   |
| L1P03 |   6   |   2   |   3   |
| L1P05 |   6   |   2   |   3   |
| L1P06 |  14   |   2   |   7   |
+-------+-------+-------+-------+
| F1P01 |  16   |   4   |   4   |
| F1P02 |  18   |   3   |   6   |
| F1P05 |  45   |   5   |   9   |
| F1P06 |   4   |   4   |   1   |
| F1P07 |   2   |   2   |   1   |
| F1P08 |  12   |   3   |   4   |
| F1P09 |   2   |   1   |   2   |
+-------+-------+-------+-------+
| F2P01 |  20   |   4   |   5   |
| F2P02 |  45   |   5   |   9   |
| F2P03 |   6   |   2   |   3   |
| F2P04 |  20   |   4   |   5   |
| F2P05 |  15   |   3   |   5   |
| F2P06 |  12   |   6   |   2   |
| F2P07 |   5   |   1   |   5   |
| F2P08 |  15   |   3   |   5   |
+-------+-------+-------+-------+
| F4P09 |  30   |   6   |   5   |
+-------+-------+-------+-------+
| D1P01 |  20   |   4   |   5   |
| D1P02 |  12   |   4   |   3   |
| D1P03 |   4   |   1   |   4   |
| D1P04 |  32   |   4   |   8   |
| D1P06 |  28   |   4   |   7   |
| D1P07 |  45   |   5   |   9   |
| D1P08 |   6   |   1   |   6   |
| D1P09 |  15   |   3   |   5   |
+-------+-------+-------+-------+
| D2P01 |   9   |   1   |   9   |
| D2P02 |   9   |   3   |   3   |
| D2P03 |  12   |   3   |   4   |
| D2P04 |  15   |   3   |   5   |
| D2P05 |  21   |   3   |   7   |
| D2P06 |  24   |   3   |   8   |
| D2P07 |  10   |   2   |   5   |
| D2P08 |  16   |   2   |   8   |
| D2P09 |   6   |   3   |   2   |
| D2P10 |  15   |   3   |   5   |
+-------+-------+-------+-------+
| D7P11 |  40   |   5   |   8   |
+-------+-------+-------+-------+
| E2P02 |   6   |   2   |   3   |
| E2P03 |  10   |   2   |   5   |
| E2P04 |  10   |   2   |   5   |
+-------+-------+-------+-------+
| R2P01 |  12   |   2   |   6   |
| R2P02 |  14   |   2   |   7   |
| R2P03 |   8   |   2   |   4   |
| R2P04 |  14   |   2   |   7   |
| R2P05 |   6   |   2   |   3   |
| R2P07 |  18   |   3   |   6   |
| R2P08 |  15   |   3   |   5   |
| R2P09 |  12   |   2   |   6   |
| R2P10 |  15   |   3   |   5   |
| R2P11 |   5   |   1   |   5   |
| R2P12 |   3   |   1   |   3   |
| R2P13 |  12   |   4   |   3   |
| R2P14 |   6   |   2   |   3   |
| R2P15 |  27   |   3   |   9   |
| R2P16 |  40   |   4   |  10   |
| R2P18 |  40   |   4   |  10   |
| R2P19 |   9   |   3   |   3   |
| R2P20 |   9   |   3   |   3   |
+-------+-------+-------+-------+
| R6P06 |  18   |   6   |   3   |
+-------+-------+-------+-------+
| C1P01 | 100   |   1   | 100   |
+-------+-------+-------+-------+
